c
1
925
3
-65 -898 178 971 -222 88
-67 -900 184 783 -248 569
-65 -932 183 961 -151 229
3
-65 -898 178 971 -222 88
-65 -932 183 961 -151 229
-66 -932 177 813 -438 -382
3
-67 -900 184 783 -248 569
-65 -898 178 971 -222 88
-67 -896 189 801 -392 450
3
-81 -800 199 872 111 476
-72 -842 197 819 65 569
-67 -840 169 962 202 -183
3
-81 -800 199 872 111 476
-67 -840 169 962 202 -183
-78 -801 168 970 134 -199
3
-133 -749 217 -194 -6 980
-119 -799 210 -404 -206 891
-97 -799 211 256 -17 966
3
-133 -749 217 -194 -6 980
-97 -799 211 256 -17 966
-109 -746 217 356 123 926
3
-110 -845 209 -429 -167 887
-87 -843 210 235 -73 969
-97 -799 211 256 -17 966
3
-110 -845 209 -429 -167 887
-97 -799 211 256 -17 966
-119 -799 210 -404 -206 891
3
-98 -903 196 -334 -582 740
-80 -902 196 433 -385 814
-81 -900 201 360 -523 772
3
-98 -903 196 -334 -582 740
-81 -900 201 360 -523 772
-102 -901 201 -274 -560 781
3
-81 -800 199 872 111 476
-78 -801 168 970 134 -199
-78 -748 173 993 91 74
3
-81 -800 199 872 111 476
-78 -748 173 993 91 74
-90 -744 204 775 196 600
3
-98 -903 196 -334 -582 740
-105 -902 192 -498 -340 797
-98 -937 193 -780 -423 459
3
-98 -903 196 -334 -582 740
-98 -937 193 -780 -423 459
-97 -938 198 -565 -528 633
3
-97 -938 198 -565 -528 633
-90 -945 193 -466 -876 123
-78 -950 191 121 -947 296
3
-97 -938 198 -565 -528 633
-78 -950 191 121 -947 296
-80 -902 196 433 -385 814
3
-97 -938 198 -565 -528 633
-80 -902 196 433 -385 814
-98 -903 196 -334 -582 740
3
-98 -903 196 -334 -582 740
-102 -901 201 -274 -560 781
-105 -902 192 -498 -340 797
3
-119 -799 210 -404 -206 891
-145 -804 191 -872 -361 329
-139 -840 183 -904 -291 311
3
-119 -799 210 -404 -206 891
-139 -840 183 -904 -291 311
-110 -845 209 -429 -167 887
3
-171 -749 197 -315 -320 893
-172 -767 183 -254 -792 554
-145 -804 191 -872 -361 329
3
-171 -749 197 -315 -320 893
-145 -804 191 -872 -361 329
-119 -799 210 -404 -206 891
3
-171 -749 197 -315 -320 893
-119 -799 210 -404 -206 891
-133 -749 217 -194 -6 980
3
-171 -749 197 -315 -320 893
-201 -773 191 182 -402 897
-172 -767 183 -254 -792 554
3
-171 -749 197 -315 -320 893
-228 -744 192 -403 77 911
-201 -773 191 182 -402 897
3
-171 -749 197 -315 -320 893
-172 -715 203 -181 80 980
-228 -744 192 -403 77 911
3
-171 -749 197 -315 -320 893
-133 -749 217 -194 -6 980
-172 -715 203 -181 80 980
3
-109 -746 217 356 123 926
-120 -630 179 382 350 855
-133 -749 217 -194 -6 980
3
-78 -748 173 993 91 74
-81 -639 142 929 284 235
-120 -630 179 382 350 855
3
-78 -748 173 993 91 74
-120 -630 179 382 350 855
-90 -744 204 775 196 600
3
-89 -752 135 844 -220 -488
-79 -655 90 922 -3 -385
-81 -639 142 929 284 235
3
-89 -752 135 844 -220 -488
-81 -639 142 929 284 235
-78 -748 173 993 91 74
3
-67 -840 169 962 202 -183
-79 -843 148 471 91 -877
-86 -806 150 687 -44 -724
3
-67 -840 169 962 202 -183
-86 -806 150 687 -44 -724
-78 -801 168 970 134 -199
3
-86 -806 150 687 -44 -724
-89 -752 135 844 -220 -488
-78 -748 173 993 91 74
3
-86 -806 150 687 -44 -724
-78 -748 173 993 91 74
-78 -801 168 970 134 -199
3
-178 -643 186 -184 303 934
-235 -659 162 -626 218 748
-228 -744 192 -403 77 911
3
-178 -643 186 -184 303 934
-228 -744 192 -403 77 911
-172 -715 203 -181 80 980
3
-186 -807 155 759 -551 345
-153 -781 142 103 -811 -574
-172 -767 183 -254 -792 554
3
-186 -807 155 759 -551 345
-172 -767 183 -254 -792 554
-201 -773 191 182 -402 897
3
-186 -807 155 759 -551 345
-201 -773 191 182 -402 897
-208 -794 183 224 -233 946
3
-138 -810 148 -526 -392 -754
-145 -804 191 -872 -361 329
-172 -767 183 -254 -792 554
3
-138 -810 148 -526 -392 -754
-172 -767 183 -254 -792 554
-153 -781 142 103 -811 -574
3
-129 -850 148 -628 -182 -756
-139 -840 183 -904 -291 311
-145 -804 191 -872 -361 329
3
-129 -850 148 -628 -182 -756
-145 -804 191 -872 -361 329
-138 -810 148 -526 -392 -754
3
-107 -895 150 -623 -391 -676
-119 -897 187 -834 -319 448
-139 -840 183 -904 -291 311
3
-107 -895 150 -623 -391 -676
-139 -840 183 -904 -291 311
-129 -850 148 -628 -182 -756
3
-103 -935 179 -578 -727 -367
-119 -897 187 -834 -319 448
-107 -895 150 -623 -391 -676
3
-86 -806 150 687 -44 -724
-138 -810 148 -526 -392 -754
-119 -763 119 127 -482 -866
3
-86 -806 150 687 -44 -724
-119 -763 119 127 -482 -866
-89 -752 135 844 -220 -488
3
-79 -843 148 471 91 -877
-129 -850 148 -628 -182 -756
-138 -810 148 -526 -392 -754
3
-79 -843 148 471 91 -877
-138 -810 148 -526 -392 -754
-86 -806 150 687 -44 -724
3
-74 -897 149 314 -85 -945
-107 -895 150 -623 -391 -676
-129 -850 148 -628 -182 -756
3
-74 -897 149 314 -85 -945
-129 -850 148 -628 -182 -756
-79 -843 148 471 91 -877
3
-74 -940 180 128 -782 -609
-90 -943 187 -463 -829 -310
-103 -935 179 -578 -727 -367
3
-74 -940 180 128 -782 -609
-103 -935 179 -578 -727 -367
-73 -921 154 482 -554 -677
3
-103 -935 179 -578 -727 -367
-90 -943 187 -463 -829 -310
-98 -937 193 -780 -423 459
3
-137 -652 33 688 -411 -597
-79 -655 90 922 -3 -385
-89 -752 135 844 -220 -488
3
-137 -652 33 688 -411 -597
-89 -752 135 844 -220 -488
-119 -763 119 127 -482 -866
3
-178 -738 62 707 -556 -435
-137 -652 33 688 -411 -597
-153 -781 142 103 -811 -574
3
-119 -763 119 127 -482 -866
-138 -810 148 -526 -392 -754
-153 -781 142 103 -811 -574
3
-235 -849 186 213 -104 971
-204 -849 156 899 -431 63
-186 -807 155 759 -551 345
3
-235 -849 186 213 -104 971
-186 -807 155 759 -551 345
-208 -794 183 224 -233 946
3
-245 -882 184 298 -96 949
-212 -878 157 925 -277 258
-204 -849 156 899 -431 63
3
-245 -882 184 298 -96 949
-204 -849 156 899 -431 63
-235 -849 186 213 -104 971
3
-266 -955 186 122 -97 987
-236 -953 163 998 -51 -3
-212 -878 157 925 -277 258
3
-266 -955 186 122 -97 987
-212 -878 157 925 -277 258
-245 -882 184 298 -96 949
3
-266 -955 186 122 -97 987
-248 -1032 171 -23 -250 967
-230 -1026 154 914 106 390
3
-266 -955 186 122 -97 987
-230 -1026 154 914 106 390
-236 -953 163 998 -51 -3
3
-237 -1073 161 175 -265 948
-224 -1070 152 844 -73 530
-230 -1026 154 914 106 390
3
-237 -1073 161 175 -265 948
-230 -1026 154 914 106 390
-248 -1032 171 -23 -250 967
3
-269 -876 175 -467 64 881
-245 -882 184 298 -96 949
-235 -849 186 213 -104 971
3
-269 -876 175 -467 64 881
-235 -849 186 213 -104 971
-269 -845 175 -409 51 910
3
-269 -876 175 -467 64 881
-289 -957 173 -587 -55 807
-266 -955 186 122 -97 987
3
-269 -876 175 -467 64 881
-266 -955 186 122 -97 987
-245 -882 184 298 -96 949
3
-265 -1037 161 -521 -345 780
-248 -1032 171 -23 -250 967
-266 -955 186 122 -97 987
3
-265 -1037 161 -521 -345 780
-266 -955 186 122 -97 987
-289 -957 173 -587 -55 807
3
-249 -1076 148 -594 -401 696
-244 -1074 153 -502 -399 767
-249 -1073 150 -485 -550 679
3
-242 -1108 137 -222 -824 519
-244 -1110 130 -176 -982 -66
-241 -1109 129 68 -986 -147
3
-242 -1108 137 -222 -824 519
-241 -1109 129 68 -986 -147
-239 -1105 137 56 -898 436
3
-295 -877 137 -964 119 -234
-302 -959 137 -822 -82 -562
-304 -958 159 -941 -136 307
3
-295 -877 137 -964 119 -234
-304 -958 159 -941 -136 307
-291 -876 161 -844 110 524
3
-275 -1038 128 -848 -238 -472
-279 -1040 148 -823 -401 400
-304 -958 159 -941 -136 307
3
-275 -1038 128 -848 -238 -472
-304 -958 159 -941 -136 307
-302 -959 137 -822 -82 -562
3
-260 -1076 122 -822 -369 -433
-261 -1078 137 -759 -576 300
-263 -1076 140 -828 -549 107
3
-260 -1076 122 -822 -369 -433
-263 -1076 140 -828 -549 107
-260 -1073 120 -802 -268 -532
3
-269 -845 175 -409 51 910
-235 -849 186 213 -104 971
-208 -794 183 224 -233 946
3
-269 -845 175 -409 51 910
-208 -794 183 224 -233 946
-248 -794 184 -258 -92 961
3
-290 -833 143 -996 61 57
-263 -787 172 -713 176 677
-292 -768 130 -854 92 511
3
-235 -659 162 -626 218 748
-279 -673 116 -853 200 481
-292 -768 130 -854 92 511
3
-235 -659 162 -626 218 748
-292 -768 130 -854 92 511
-228 -744 192 -403 77 911
3
-228 -555 138 -522 222 823
-261 -556 96 -870 150 469
-279 -673 116 -853 200 481
3
-228 -555 138 -522 222 823
-279 -673 116 -853 200 481
-235 -659 162 -626 218 748
3
-178 -643 186 -184 303 934
-183 -566 154 -93 309 946
-228 -555 138 -522 222 823
3
-178 -643 186 -184 303 934
-228 -555 138 -522 222 823
-235 -659 162 -626 218 748
3
-81 -639 142 929 284 235
-114 -567 112 860 434 266
-139 -556 147 476 409 777
3
-81 -639 142 929 284 235
-139 -556 147 476 409 777
-120 -630 179 382 350 855
3
-296 -671 65 -966 186 174
-279 -673 116 -853 200 481
-261 -556 96 -870 150 469
3
-296 -671 65 -966 186 174
-261 -556 96 -870 150 469
-273 -560 62 -967 123 221
3
-312 -762 69 -955 268 126
-292 -768 130 -854 92 511
-279 -673 116 -853 200 481
3
-312 -762 69 -955 268 126
-279 -673 116 -853 200 481
-296 -671 65 -966 186 174
3
-312 -762 69 -955 268 126
-334 -806 71 -995 -77 57
-292 -768 130 -854 92 511
3
-334 -806 71 -995 -77 57
-299 -846 92 -707 -261 656
-292 -768 130 -854 92 511
3
-299 -846 92 -707 -261 656
-280 -848 112 -918 -304 253
-292 -768 130 -854 92 511
3
-290 -833 143 -996 61 57
-292 -768 130 -854 92 511
-280 -848 112 -918 -304 253
3
-268 -878 106 -833 -529 -156
-268 -959 108 342 54 -938
-302 -959 137 -822 -82 -562
3
-268 -878 106 -833 -529 -156
-302 -959 137 -822 -82 -562
-295 -877 137 -964 119 -234
3
-249 -1025 106 -111 40 -993
-275 -1038 128 -848 -238 -472
-302 -959 137 -822 -82 -562
3
-249 -1025 106 -111 40 -993
-302 -959 137 -822 -82 -562
-268 -959 108 342 54 -938
3
-260 -1076 122 -822 -369 -433
-260 -1073 120 -802 -268 -532
-253 -1072 116 -584 -130 -801
3
-290 -833 143 -996 61 57
-280 -848 112 -918 -304 253
-268 -878 106 -833 -529 -156
3
-290 -833 143 -996 61 57
-268 -878 106 -833 -529 -156
-295 -877 137 -964 119 -234
3
-299 -846 92 -707 -261 656
-299 -868 87 -671 -119 731
-268 -878 106 -833 -529 -156
3
-299 -846 92 -707 -261 656
-268 -878 106 -833 -529 -156
-280 -848 112 -918 -304 253
3
-299 -868 87 -671 -119 731
-286 -967 83 -674 -298 675
-259 -968 98 -60 -152 986
3
-299 -868 87 -671 -119 731
-259 -968 98 -60 -152 986
-268 -878 106 -833 -529 -156
3
-223 -1047 74 -500 -555 663
-205 -1036 84 117 -163 979
-259 -968 98 -60 -152 986
3
-223 -1047 74 -500 -555 663
-259 -968 98 -60 -152 986
-286 -967 83 -674 -298 675
3
-189 -1077 65 -230 -669 706
-182 -1077 68 -237 -511 825
-177 -1071 77 165 -292 941
3
-189 -1077 65 -230 -669 706
-177 -1071 77 165 -292 941
-205 -1036 84 117 -163 979
3
-189 -1077 65 -230 -669 706
-205 -1036 84 117 -163 979
-223 -1047 74 -500 -555 663
3
-153 -1105 58 329 -734 593
-158 -1093 68 246 -280 927
-165 -1097 65 -63 -478 875
3
-153 -1105 58 329 -734 593
-165 -1097 65 -63 -478 875
-166 -1104 58 502 -653 566
3
-169 -1105 43 610 -598 -518
-169 -1098 34 250 -425 -869
-160 -1090 29 124 -397 -909
3
-169 -1105 43 610 -598 -518
-160 -1090 29 124 -397 -909
-156 -1105 41 312 -735 -601
3
-223 -1047 74 -500 -555 663
-286 -967 83 -674 -298 675
-296 -970 65 -906 -418 64
3
-223 -1047 74 -500 -555 663
-296 -970 65 -906 -418 64
-229 -1052 56 -761 -637 -115
3
-312 -870 69 -980 -105 167
-296 -970 65 -906 -418 64
-286 -967 83 -674 -298 675
3
-312 -870 69 -980 -105 167
-286 -967 83 -674 -298 675
-299 -868 87 -671 -119 731
3
-299 -868 87 -671 -119 731
-299 -846 92 -707 -261 656
-312 -847 73 -931 -219 289
3
-299 -868 87 -671 -119 731
-312 -847 73 -931 -219 289
-312 -870 69 -980 -105 167
3
-200 -1084 53 -544 -838 11
-189 -1077 65 -230 -669 706
-223 -1047 74 -500 -555 663
3
-200 -1084 53 -544 -838 11
-223 -1047 74 -500 -555 663
-229 -1052 56 -761 -637 -115
3
-302 -846 14 -828 -543 135
-308 -846 49 -886 -329 -325
-334 -806 71 -995 -77 57
3
-334 -806 71 -995 -77 57
-314 -788 27 -996 -73 -31
-302 -846 14 -828 -543 135
3
-314 -788 27 -996 -73 -31
-326 -789 -4 -971 -57 -230
-302 -846 14 -828 -543 135
3
-289 -797 -46 -881 -380 -278
-303 -812 -27 -729 -189 -657
-326 -789 -4 -971 -57 -230
3
-326 -789 -4 -971 -57 -230
-314 -768 43 -967 254 -10
-310 -758 -3 -948 301 -94
3
-326 -789 -4 -971 -57 -230
-314 -788 27 -996 -73 -31
-314 -768 43 -967 254 -10
3
-334 -806 71 -995 -77 57
-312 -762 69 -955 268 126
-314 -768 43 -967 254 -10
3
-303 -763 -38 -969 191 -156
-302 -771 -38 -941 -218 -257
-326 -789 -4 -971 -57 -230
3
-303 -763 -38 -969 191 -156
-326 -789 -4 -971 -57 -230
-310 -758 -3 -948 301 -94
3
-303 -763 -38 -969 191 -156
-310 -763 -70 -950 -183 -251
-302 -771 -38 -941 -218 -257
3
-310 -763 -70 -950 -183 -251
-289 -797 -46 -881 -380 -278
-302 -771 -38 -941 -218 -257
3
-314 -788 27 -996 -73 -31
-334 -806 71 -995 -77 57
-314 -768 43 -967 254 -10
3
-302 -771 -38 -941 -218 -257
-289 -797 -46 -881 -380 -278
-326 -789 -4 -971 -57 -230
3
-259 -968 98 -60 -152 986
-228 -952 83 870 209 445
-238 -871 84 825 -398 400
3
-259 -968 98 -60 -152 986
-238 -871 84 825 -398 400
-268 -878 106 -833 -529 -156
3
-228 -952 83 870 209 445
-259 -968 98 -60 -152 986
-205 -1036 84 117 -163 979
3
-228 -952 83 870 209 445
-205 -1036 84 117 -163 979
-190 -1026 71 812 466 349
3
-150 -1089 38 853 97 -511
-166 -1058 33 747 477 -461
-166 -1060 65 784 440 436
3
-150 -1089 38 853 97 -511
-166 -1060 65 784 440 436
-145 -1089 59 949 -89 300
3
-166 -1058 33 747 477 -461
-195 -1022 37 571 433 -696
-190 -1026 71 812 466 349
3
-166 -1058 33 747 477 -461
-190 -1026 71 812 466 349
-166 -1060 65 784 440 436
3
-233 -956 43 734 266 -623
-228 -952 83 870 209 445
-190 -1026 71 812 466 349
3
-233 -956 43 734 266 -623
-190 -1026 71 812 466 349
-195 -1022 37 571 433 -696
3
-228 -952 83 870 209 445
-233 -956 43 734 266 -623
-242 -872 39 869 -336 -362
3
-228 -952 83 870 209 445
-242 -872 39 869 -336 -362
-238 -871 84 825 -398 400
3
-177 -1071 77 165 -292 941
-166 -1060 65 784 440 436
-190 -1026 71 812 466 349
3
-177 -1071 77 165 -292 941
-190 -1026 71 812 466 349
-205 -1036 84 117 -163 979
3
-182 -1077 68 -237 -511 825
-165 -1097 65 -63 -478 875
-158 -1093 68 246 -280 927
3
-182 -1077 68 -237 -511 825
-158 -1093 68 246 -280 927
-177 -1071 77 165 -292 941
3
-154 -1109 49 684 -721 -99
-145 -1089 59 949 -89 300
-153 -1105 58 329 -734 593
3
-154 -1109 49 684 -721 -99
-150 -1089 38 853 97 -511
-145 -1089 59 949 -89 300
3
-154 -1109 49 684 -721 -99
-156 -1105 41 312 -735 -601
-150 -1089 38 853 97 -511
3
-166 -1060 65 784 440 436
-177 -1071 77 165 -292 941
-158 -1093 68 246 -280 927
3
-166 -1060 65 784 440 436
-158 -1093 68 246 -280 927
-145 -1089 59 949 -89 300
3
-222 -1062 118 859 137 -492
-230 -1036 119 -337 -57 -939
-235 -1023 120 717 239 -654
3
-222 -1062 118 859 137 -492
-235 -1023 120 717 239 -654
-230 -1026 154 914 106 390
3
-222 -1062 118 859 137 -492
-230 -1026 154 914 106 390
-224 -1070 152 844 -73 530
3
-237 -1008 123 808 170 -563
-244 -968 124 81 14 -996
-247 -953 124 661 -46 -748
3
-237 -1008 123 808 170 -563
-247 -953 124 661 -46 -748
-236 -953 163 998 -51 -3
3
-237 -1008 123 808 170 -563
-236 -953 163 998 -51 -3
-230 -1026 154 914 106 390
3
-237 -1008 123 808 170 -563
-230 -1026 154 914 106 390
-235 -1023 120 717 239 -654
3
-236 -953 163 998 -51 -3
-247 -953 124 661 -46 -748
-243 -925 124 783 -44 -619
3
-236 -953 163 998 -51 -3
-243 -925 124 783 -44 -619
-243 -866 125 784 -478 -394
3
-236 -953 163 998 -51 -3
-243 -866 125 784 -478 -394
-212 -878 157 925 -277 258
3
-222 -1099 136 909 -370 189
-222 -1096 119 764 -339 -547
-222 -1062 118 859 137 -492
3
-222 -1099 136 909 -370 189
-222 -1062 118 859 137 -492
-224 -1070 152 844 -73 530
3
-233 -1101 147 211 -462 861
-222 -1099 136 909 -370 189
-224 -1070 152 844 -73 530
3
-233 -1101 147 211 -462 861
-224 -1070 152 844 -73 530
-237 -1073 161 175 -265 948
3
-235 -1110 126 397 -900 -178
-222 -1096 119 764 -339 -547
-222 -1099 136 909 -370 189
3
-235 -1110 126 397 -900 -178
-235 -1104 117 24 -811 -583
-233 -1095 108 268 -498 -824
3
-235 -1110 126 397 -900 -178
-233 -1095 108 268 -498 -824
-222 -1096 119 764 -339 -547
3
-239 -1066 104 49 -78 -995
-222 -1062 118 859 137 -492
-222 -1096 119 764 -339 -547
3
-239 -1066 104 49 -78 -995
-222 -1096 119 764 -339 -547
-233 -1095 108 268 -498 -824
3
-222 -1062 118 859 137 -492
-239 -1066 104 49 -78 -995
-249 -1025 106 -111 40 -993
3
-222 -1062 118 859 137 -492
-249 -1025 106 -111 40 -993
-235 -1023 120 717 239 -654
3
-268 -959 108 342 54 -938
-247 -953 124 661 -46 -748
-244 -968 124 81 14 -996
3
-268 -959 108 342 54 -938
-244 -968 124 81 14 -996
-237 -1008 123 808 170 -563
3
-268 -959 108 342 54 -938
-237 -1008 123 808 170 -563
-235 -1023 120 717 239 -654
3
-268 -959 108 342 54 -938
-235 -1023 120 717 239 -654
-249 -1025 106 -111 40 -993
3
-238 -871 84 825 -398 400
-214 -835 80 880 -462 -104
-243 -866 125 784 -478 -394
3
-204 -849 156 899 -431 63
-212 -878 157 925 -277 258
-243 -866 125 784 -478 -394
3
-204 -849 156 899 -431 63
-243 -866 125 784 -478 -394
-214 -835 80 880 -462 -104
3
-274 -868 28 -221 -336 -915
-267 -958 31 7 57 -998
-289 -967 45 -654 -301 -693
3
-274 -868 28 -221 -336 -915
-289 -967 45 -654 -301 -693
-307 -868 49 -825 -96 -556
3
-207 -1035 26 66 62 -995
-220 -1046 37 -560 -458 -689
-289 -967 45 -654 -301 -693
3
-207 -1035 26 66 62 -995
-289 -967 45 -654 -301 -693
-267 -958 31 7 57 -998
3
-199 -1047 26 -336 -328 -882
-182 -1072 27 263 112 -958
-184 -1081 37 -388 -287 -875
3
-199 -1047 26 -336 -328 -882
-184 -1081 37 -388 -287 -875
-192 -1080 39 -496 -429 -754
3
-199 -1047 26 -336 -328 -882
-192 -1080 39 -496 -429 -754
-220 -1046 37 -560 -458 -689
3
-199 -1047 26 -336 -328 -882
-220 -1046 37 -560 -458 -689
-207 -1035 26 66 62 -995
3
-308 -846 49 -886 -329 -325
-302 -846 14 -828 -543 135
-274 -868 28 -221 -336 -915
3
-308 -846 49 -886 -329 -325
-274 -868 28 -221 -336 -915
-307 -868 49 -825 -96 -556
3
-243 -866 125 784 -478 -394
-268 -878 106 -833 -529 -156
-238 -871 84 825 -398 400
3
-133 -1052 -31 865 -165 -472
-146 -1052 -40 214 -363 -906
-168 -1029 -47 -164 -388 -906
3
-133 -1052 -31 865 -165 -472
-168 -1029 -47 -164 -388 -906
-152 -1023 -38 680 463 -567
3
-150 -1089 38 853 97 -511
-160 -1090 29 124 -397 -909
-182 -1072 27 263 112 -958
3
-150 -1089 38 853 97 -511
-182 -1072 27 263 112 -958
-166 -1058 33 747 477 -461
3
-182 -1072 27 263 112 -958
-199 -1047 26 -336 -328 -882
-207 -1035 26 66 62 -995
3
-182 -1072 27 263 112 -958
-207 -1035 26 66 62 -995
-195 -1022 37 571 433 -696
3
-182 -1072 27 263 112 -958
-195 -1022 37 571 433 -696
-166 -1058 33 747 477 -461
3
-267 -958 31 7 57 -998
-233 -956 43 734 266 -623
-195 -1022 37 571 433 -696
3
-267 -958 31 7 57 -998
-195 -1022 37 571 433 -696
-207 -1035 26 66 62 -995
3
-233 -956 43 734 266 -623
-267 -958 31 7 57 -998
-274 -868 28 -221 -336 -915
3
-233 -956 43 734 266 -623
-274 -868 28 -221 -336 -915
-242 -872 39 869 -336 -362
3
-184 -1081 37 -388 -287 -875
-182 -1072 27 263 112 -958
-160 -1090 29 124 -397 -909
3
-184 -1081 37 -388 -287 -875
-160 -1090 29 124 -397 -909
-169 -1098 34 250 -425 -869
3
-302 -846 14 -828 -543 135
-295 -860 9 -645 -372 666
-266 -867 13 -88 -183 979
3
-302 -846 14 -828 -543 135
-266 -867 13 -88 -183 979
-230 -846 13 804 -529 270
3
-295 -860 9 -645 -372 666
-269 -939 -2 -621 -396 675
-248 -934 7 26 -127 991
3
-295 -860 9 -645 -372 666
-248 -934 7 26 -127 991
-266 -867 13 -88 -183 979
3
-204 -1005 -7 -438 -546 713
-190 -1001 0 38 -106 993
-248 -934 7 26 -127 991
3
-204 -1005 -7 -438 -546 713
-248 -934 7 26 -127 991
-269 -939 -2 -621 -396 675
3
-166 -1036 -11 -493 -534 685
-163 -1031 -3 -72 -227 971
-190 -1001 0 38 -106 993
3
-166 -1036 -11 -493 -534 685
-190 -1001 0 38 -106 993
-204 -1005 -7 -438 -546 713
3
-166 -1036 -11 -493 -534 685
-204 -1005 -7 -438 -546 713
-170 -1035 -13 -423 -542 725
3
-138 -1059 -17 417 -713 563
-141 -1049 -8 389 -172 904
-149 -1053 -10 -165 -552 816
3
-138 -1059 -17 417 -713 563
-149 -1053 -10 -165 -552 816
-149 -1059 -16 155 -760 630
3
-168 -1029 -47 -164 -388 -906
-146 -1052 -40 214 -363 -906
-153 -1055 -35 -164 -665 -728
3
-168 -1029 -47 -164 -388 -906
-153 -1055 -35 -164 -665 -728
-172 -1037 -35 -392 -418 -819
3
-236 -856 -25 843 -184 -504
-238 -836 -33 242 -679 -692
-211 -801 -33 901 -384 -198
3
-236 -856 -25 843 -184 -504
-211 -801 -33 901 -384 -198
-219 -823 28 970 -236 -50
3
-236 -856 -25 843 -184 -504
-219 -823 28 970 -236 -50
-230 -846 13 804 -529 270
3
-226 -928 -2 917 187 351
-226 -923 -34 797 426 -427
-229 -901 -31 805 209 -554
3
-226 -928 -2 917 187 351
-229 -901 -31 805 209 -554
-236 -856 -25 843 -184 -504
3
-226 -928 -2 917 187 351
-236 -856 -25 843 -184 -504
-230 -846 13 804 -529 270
3
-141 -1049 -8 389 -172 904
-138 -1059 -17 417 -713 563
-134 -1050 -14 904 180 385
3
-139 -1062 -25 464 -885 -1
-143 -1061 -32 95 -827 -553
-133 -1052 -31 865 -165 -472
3
-275 -827 -39 -267 -299 -915
-238 -836 -33 242 -679 -692
-236 -856 -25 843 -184 -504
3
-229 -901 -31 805 209 -554
-226 -923 -34 797 426 -427
-249 -923 -50 58 81 -995
3
-229 -901 -31 805 209 -554
-249 -923 -50 58 81 -995
-275 -827 -39 -267 -299 -915
3
-229 -901 -31 805 209 -554
-275 -827 -39 -267 -299 -915
-236 -856 -25 843 -184 -504
3
-226 -923 -34 797 426 -427
-177 -987 -38 745 578 -331
-198 -997 -47 -5 -37 -999
3
-226 -923 -34 797 426 -427
-198 -997 -47 -5 -37 -999
-249 -923 -50 58 81 -995
3
-152 -1023 -38 680 463 -567
-168 -1029 -47 -164 -388 -906
-187 -1007 -47 284 239 -928
3
-152 -1023 -38 680 463 -567
-187 -1007 -47 284 239 -928
-198 -997 -47 -5 -37 -999
3
-152 -1023 -38 680 463 -567
-198 -997 -47 -5 -37 -999
-177 -987 -38 745 578 -331
3
-226 -923 -34 797 426 -427
-226 -928 -2 917 187 351
-177 -997 -9 669 479 567
3
-226 -923 -34 797 426 -427
-177 -997 -9 669 479 567
-177 -987 -38 745 578 -331
3
-177 -987 -38 745 578 -331
-177 -997 -9 669 479 567
-151 -1025 -11 687 492 533
3
-177 -987 -38 745 578 -331
-151 -1025 -11 687 492 533
-152 -1023 -38 680 463 -567
3
-134 -1050 -14 904 180 385
-133 -1052 -31 865 -165 -472
-152 -1023 -38 680 463 -567
3
-134 -1050 -14 904 180 385
-152 -1023 -38 680 463 -567
-151 -1025 -11 687 492 533
3
-149 -1053 -10 -165 -552 816
-141 -1049 -8 389 -172 904
-163 -1031 -3 -72 -227 971
3
-149 -1053 -10 -165 -552 816
-163 -1031 -3 -72 -227 971
-166 -1036 -11 -493 -534 685
3
-170 -1035 -13 -423 -542 725
-204 -1005 -7 -438 -546 713
-216 -1011 -20 -610 -690 389
3
-170 -1035 -13 -423 -542 725
-216 -1011 -20 -610 -690 389
-182 -1040 -21 -604 -791 94
3
-204 -1005 -7 -438 -546 713
-269 -939 -2 -621 -396 675
-280 -943 -17 -854 -517 37
3
-204 -1005 -7 -438 -546 713
-280 -943 -17 -854 -517 37
-216 -1011 -20 -610 -690 389
3
-305 -853 -9 -963 -264 -36
-280 -943 -17 -854 -517 37
-269 -939 -2 -621 -396 675
3
-305 -853 -9 -963 -264 -36
-269 -939 -2 -621 -396 675
-295 -860 9 -645 -372 666
3
-295 -860 9 -645 -372 666
-302 -846 14 -828 -543 135
-311 -831 -7 -936 -331 -117
3
-295 -860 9 -645 -372 666
-311 -831 -7 -936 -331 -117
-305 -853 -9 -963 -264 -36
3
-168 -1029 -47 -164 -388 -906
-172 -1037 -35 -392 -418 -819
-177 -1037 -33 -581 -518 -626
3
-168 -1029 -47 -164 -388 -906
-177 -1037 -33 -581 -518 -626
-214 -1005 -37 -575 -598 -556
3
-168 -1029 -47 -164 -388 -906
-214 -1005 -37 -575 -598 -556
-198 -997 -47 -5 -37 -999
3
-168 -1029 -47 -164 -388 -906
-198 -997 -47 -5 -37 -999
-187 -1007 -47 284 239 -928
3
-198 -997 -47 -5 -37 -999
-214 -1005 -37 -575 -598 -556
-274 -938 -35 -606 -315 -730
3
-198 -997 -47 -5 -37 -999
-274 -938 -35 -606 -315 -730
-249 -923 -50 58 81 -995
3
-297 -843 -28 -706 -111 -698
-275 -827 -39 -267 -299 -915
-249 -923 -50 58 81 -995
3
-297 -843 -28 -706 -111 -698
-249 -923 -50 58 81 -995
-274 -938 -35 -606 -315 -730
3
-303 -812 -27 -729 -189 -657
-289 -797 -46 -881 -380 -278
-275 -827 -39 -267 -299 -915
3
-303 -812 -27 -729 -189 -657
-275 -827 -39 -267 -299 -915
-297 -843 -28 -706 -111 -698
3
-193 -714 8 848 -473 -235
-152 -634 -25 925 -269 -267
-137 -652 33 688 -411 -597
3
-193 -714 8 848 -473 -235
-137 -652 33 688 -411 -597
-178 -738 62 707 -556 -435
3
-187 -703 -47 889 -373 -265
-165 -634 -62 793 -225 -565
-152 -634 -25 925 -269 -267
3
-187 -703 -47 889 -373 -265
-152 -634 -25 925 -269 -267
-193 -714 8 848 -473 -235
3
-218 -783 27 970 -232 -57
-210 -761 -29 978 -200 -58
-187 -703 -47 889 -373 -265
3
-218 -783 27 970 -232 -57
-187 -703 -47 889 -373 -265
-193 -714 8 848 -473 -235
3
-218 -783 27 970 -232 -57
-193 -714 8 848 -473 -235
-210 -776 59 890 -337 -304
3
-219 -823 28 970 -236 -50
-211 -801 -33 901 -384 -198
-210 -761 -29 978 -200 -58
3
-219 -823 28 970 -236 -50
-210 -761 -29 978 -200 -58
-218 -783 27 970 -232 -57
3
-210 -776 59 890 -337 -304
-214 -835 80 880 -462 -104
-219 -823 28 970 -236 -50
3
-210 -776 59 890 -337 -304
-219 -823 28 970 -236 -50
-218 -783 27 970 -232 -57
3
-241 -825 -50 303 -780 546
-211 -801 -33 901 -384 -198
-238 -836 -33 242 -679 -692
3
-201 -700 -86 677 -130 -723
-187 -703 -47 889 -373 -265
-210 -761 -29 978 -200 -58
3
-201 -700 -86 677 -130 -723
-210 -761 -29 978 -200 -58
-214 -743 -90 798 -89 -595
3
-211 -801 -33 901 -384 -198
-220 -785 -92 774 -196 -601
-214 -743 -90 798 -89 -595
3
-211 -801 -33 901 -384 -198
-214 -743 -90 798 -89 -595
-210 -761 -29 978 -200 -58
3
-178 -738 62 707 -556 -435
-193 -805 123 817 -468 -335
-210 -776 59 890 -337 -304
3
-178 -738 62 707 -556 -435
-210 -776 59 890 -337 -304
-193 -714 8 848 -473 -235
3
-204 -849 156 899 -431 63
-193 -805 123 817 -468 -335
-186 -807 155 759 -551 345
3
-186 -807 155 759 -551 345
-193 -805 123 817 -468 -335
-178 -738 62 707 -556 -435
3
-186 -807 155 759 -551 345
-178 -738 62 707 -556 -435
-153 -781 142 103 -811 -574
3
-242 -872 39 869 -336 -362
-274 -868 28 -221 -336 -915
-230 -846 13 804 -529 270
3
-214 -835 80 880 -462 -104
-238 -871 84 825 -398 400
-242 -872 39 869 -336 -362
3
-214 -835 80 880 -462 -104
-242 -872 39 869 -336 -362
-219 -823 28 970 -236 -50
3
-230 -874 -64 865 118 486
-228 -870 -99 884 284 -370
-231 -807 -93 873 -123 -471
3
-230 -874 -64 865 118 486
-231 -807 -93 873 -123 -471
-231 -827 -61 824 -350 443
3
-208 -920 -68 646 386 658
-201 -920 -100 767 536 -351
-228 -870 -99 884 284 -370
3
-208 -920 -68 646 386 658
-228 -870 -99 884 284 -370
-230 -874 -64 865 118 486
3
-201 -920 -100 767 536 -351
-208 -920 -68 646 386 658
-174 -957 -69 715 478 509
3
-201 -920 -100 767 536 -351
-174 -957 -69 715 478 509
-171 -955 -100 760 468 -449
3
-160 -977 -76 852 162 497
-157 -977 -93 885 66 -460
-171 -955 -100 760 468 -449
3
-160 -977 -76 852 162 497
-171 -955 -100 760 468 -449
-174 -957 -69 715 478 509
3
-228 -870 -99 884 284 -370
-247 -874 -117 166 128 -977
-250 -810 -107 45 72 -996
3
-228 -870 -99 884 284 -370
-250 -810 -107 45 72 -996
-231 -807 -93 873 -123 -471
3
-201 -920 -100 767 536 -351
-217 -928 -113 -135 -225 -964
-247 -874 -117 166 128 -977
3
-201 -920 -100 767 536 -351
-247 -874 -117 166 128 -977
-228 -870 -99 884 284 -370
3
-217 -928 -113 -135 -225 -964
-201 -920 -100 767 536 -351
-171 -955 -100 760 468 -449
3
-217 -928 -113 -135 -225 -964
-171 -955 -100 760 468 -449
-182 -967 -106 -51 -292 -954
3
-157 -977 -93 885 66 -460
-166 -986 -100 293 -320 -900
-182 -967 -106 -51 -292 -954
3
-157 -977 -93 885 66 -460
-182 -967 -106 -51 -292 -954
-171 -955 -100 760 468 -449
3
-159 -992 -86 786 -603 129
-157 -977 -93 885 66 -460
-160 -977 -76 852 162 497
3
-160 -991 -94 465 -693 -550
-166 -986 -100 293 -320 -900
-157 -977 -93 885 66 -460
3
-160 -977 -76 852 162 497
-174 -957 -69 715 478 509
-176 -971 -67 135 -111 984
3
-160 -977 -76 852 162 497
-176 -971 -67 135 -111 984
-166 -987 -71 103 -377 920
3
-183 -973 -73 -471 -559 681
-171 -991 -75 -233 -580 780
-166 -987 -71 103 -377 920
3
-183 -973 -73 -471 -559 681
-166 -987 -71 103 -377 920
-176 -971 -67 135 -111 984
3
-263 -886 -70 -669 -306 676
-224 -944 -71 -559 -571 600
-213 -932 -61 -174 -241 954
3
-263 -886 -70 -669 -306 676
-213 -932 -61 -174 -241 954
-248 -883 -57 161 -60 985
3
-241 -825 -50 303 -780 546
-280 -822 -59 -785 -603 137
-263 -886 -70 -669 -306 676
3
-241 -825 -50 303 -780 546
-263 -886 -70 -669 -306 676
-248 -883 -57 161 -60 985
3
-187 -968 -98 -412 -662 -625
-186 -970 -95 -520 -576 -630
-195 -976 -87 -616 -775 -133
3
-187 -968 -98 -412 -662 -625
-195 -976 -87 -616 -775 -133
-198 -974 -87 -646 -721 -246
3
-229 -949 -88 -700 -700 -137
-273 -889 -89 -901 -432 -1
-260 -884 -106 -642 -219 -734
3
-229 -949 -88 -700 -700 -137
-260 -884 -106 -642 -219 -734
-219 -941 -101 -495 -572 -653
3
-285 -822 -81 -966 -159 -201
-271 -819 -96 -604 -38 -796
-260 -884 -106 -642 -219 -734
3
-285 -822 -81 -966 -159 -201
-260 -884 -106 -642 -219 -734
-273 -889 -89 -901 -432 -1
3
-290 -795 -76 -914 -279 -291
-273 -789 -99 -539 -175 -823
-271 -819 -96 -604 -38 -796
3
-290 -795 -76 -914 -279 -291
-271 -819 -96 -604 -38 -796
-285 -822 -81 -966 -159 -201
3
-310 -763 -70 -950 -183 -251
-273 -789 -99 -539 -175 -823
-290 -795 -76 -914 -279 -291
3
-249 -786 -107 142 -53 -988
-220 -785 -92 774 -196 -601
-231 -807 -93 873 -123 -471
3
-249 -786 -107 142 -53 -988
-231 -807 -93 873 -123 -471
-250 -810 -107 45 72 -996
3
-278 -678 -68 -837 248 -487
-231 -685 -99 -195 181 -963
-281 -768 -99 -513 85 -853
3
-278 -678 -68 -837 248 -487
-281 -768 -99 -513 85 -853
-310 -763 -70 -950 -183 -251
3
-249 -786 -107 142 -53 -988
-253 -768 -107 59 2 -998
-214 -743 -90 798 -89 -595
3
-249 -786 -107 142 -53 -988
-214 -743 -90 798 -89 -595
-220 -785 -92 774 -196 -601
3
-223 -614 -88 -123 129 -983
-181 -629 -75 522 -69 -849
-201 -700 -86 677 -130 -723
3
-223 -614 -88 -123 129 -983
-201 -700 -86 677 -130 -723
-231 -685 -99 -195 181 -963
3
-219 -548 -76 -116 23 -992
-159 -556 -67 672 -43 -739
-181 -629 -75 522 -69 -849
3
-219 -548 -76 -116 23 -992
-181 -629 -75 522 -69 -849
-223 -614 -88 -123 129 -983
3
-165 -634 -62 793 -225 -565
-181 -629 -75 522 -69 -849
-159 -556 -67 672 -43 -739
3
-187 -703 -47 889 -373 -265
-201 -700 -86 677 -130 -723
-181 -629 -75 522 -69 -849
3
-187 -703 -47 889 -373 -265
-181 -629 -75 522 -69 -849
-165 -634 -62 793 -225 -565
3
-159 -556 -67 672 -43 -739
-139 -567 2 944 -57 -323
-152 -634 -25 925 -269 -267
3
-159 -556 -67 672 -43 -739
-152 -634 -25 925 -269 -267
-165 -634 -62 793 -225 -565
3
-139 -567 2 944 -57 -323
-128 -509 1 945 -188 -267
-121 -519 71 991 50 116
3
-139 -567 2 944 -57 -323
-121 -519 71 991 50 116
-109 -568 81 947 283 -148
3
-139 -567 2 944 -57 -323
-109 -568 81 947 283 -148
-123 -588 32 862 29 -505
3
-109 -568 81 947 283 -148
-79 -655 90 922 -3 -385
-123 -588 32 862 29 -505
3
-137 -652 33 688 -411 -597
-152 -634 -25 925 -269 -267
-139 -567 2 944 -57 -323
3
-81 -639 142 929 284 235
-79 -655 90 922 -3 -385
-109 -568 81 947 283 -148
3
-81 -639 142 929 284 235
-109 -568 81 947 283 -148
-114 -567 112 860 434 266
3
-223 -614 -88 -123 129 -983
-289 -563 -27 -901 43 -430
-259 -540 -53 -555 -69 -828
3
-231 -685 -99 -195 181 -963
-278 -678 -68 -837 248 -487
-289 -563 -27 -901 43 -430
3
-231 -685 -99 -195 181 -963
-289 -563 -27 -901 43 -430
-223 -614 -88 -123 129 -983
3
-312 -762 69 -955 268 126
-296 -671 65 -966 186 174
-296 -676 4 -986 149 -64
3
-312 -762 69 -955 268 126
-296 -676 4 -986 149 -64
-310 -758 -3 -948 301 -94
3
-312 -762 69 -955 268 126
-310 -758 -3 -948 301 -94
-314 -768 43 -967 254 -10
3
-296 -676 4 -986 149 -64
-279 -567 3 -982 55 180
-289 -563 -27 -901 43 -430
3
-296 -676 4 -986 149 -64
-289 -563 -27 -901 43 -430
-278 -678 -68 -837 248 -487
3
-296 -671 65 -966 186 174
-273 -560 62 -967 123 221
-279 -567 3 -982 55 180
3
-296 -671 65 -966 186 174
-279 -567 3 -982 55 180
-296 -676 4 -986 149 -64
3
-287 -493 5 -995 -11 95
-283 -485 -53 -704 -72 -705
-289 -563 -27 -901 43 -430
3
-287 -493 5 -995 -11 95
-289 -563 -27 -901 43 -430
-279 -567 3 -982 55 180
3
-271 -496 51 -962 8 271
-287 -493 5 -995 -11 95
-279 -567 3 -982 55 180
3
-271 -496 51 -962 8 271
-279 -567 3 -982 55 180
-273 -560 62 -967 123 221
3
-261 -496 83 -917 44 396
-271 -496 51 -962 8 271
-273 -560 62 -967 123 221
3
-261 -496 83 -917 44 396
-273 -560 62 -967 123 221
-261 -556 96 -870 150 469
3
-303 -763 -38 -969 191 -156
-310 -758 -3 -948 301 -94
-296 -676 4 -986 149 -64
3
-303 -763 -38 -969 191 -156
-296 -676 4 -986 149 -64
-278 -678 -68 -837 248 -487
3
-303 -763 -38 -969 191 -156
-278 -678 -68 -837 248 -487
-310 -763 -70 -950 -183 -251
3
-190 -512 140 -20 161 986
-230 -499 126 -576 73 813
-228 -555 138 -522 222 823
3
-190 -512 140 -20 161 986
-228 -555 138 -522 222 823
-183 -566 154 -93 309 946
3
-230 -499 126 -576 73 813
-261 -496 83 -917 44 396
-261 -556 96 -870 150 469
3
-230 -499 126 -576 73 813
-261 -556 96 -870 150 469
-228 -555 138 -522 222 823
3
-139 -556 147 476 409 777
-145 -517 140 589 163 791
-190 -512 140 -20 161 986
3
-139 -556 147 476 409 777
-190 -512 140 -20 161 986
-183 -566 154 -93 309 946
3
-178 -643 186 -184 303 934
-120 -630 179 382 350 855
-139 -556 147 476 409 777
3
-178 -643 186 -184 303 934
-139 -556 147 476 409 777
-183 -566 154 -93 309 946
3
-121 -519 71 991 50 116
-91 -351 49 949 -207 237
-127 -344 108 675 -69 734
3
-121 -519 71 991 50 116
-127 -344 108 675 -69 734
-145 -517 140 589 163 791
3
-121 -519 71 991 50 116
-145 -517 140 589 163 791
-139 -556 147 476 409 777
3
-121 -519 71 991 50 116
-139 -556 147 476 409 777
-114 -567 112 860 434 266
3
-121 -519 71 991 50 116
-114 -567 112 860 434 266
-109 -568 81 947 283 -148
3
-149 -497 -57 694 -119 -709
-128 -509 1 945 -188 -267
-139 -567 2 944 -57 -323
3
-149 -497 -57 694 -119 -709
-139 -567 2 944 -57 -323
-159 -556 -67 672 -43 -739
3
-120 -341 -65 655 -229 -719
-98 -344 -14 941 -262 -213
-128 -509 1 945 -188 -267
3
-120 -341 -65 655 -229 -719
-128 -509 1 945 -188 -267
-149 -497 -57 694 -119 -709
3
-121 -519 71 991 50 116
-128 -509 1 945 -188 -267
-98 -344 -14 941 -262 -213
3
-121 -519 71 991 50 116
-98 -344 -14 941 -262 -213
-91 -351 49 949 -207 237
3
-219 -548 -76 -116 23 -992
-223 -614 -88 -123 129 -983
-259 -540 -53 -555 -69 -828
3
-211 -482 -77 -34 -28 -999
-149 -497 -57 694 -119 -709
-159 -556 -67 672 -43 -739
3
-211 -482 -77 -34 -28 -999
-159 -556 -67 672 -43 -739
-219 -548 -76 -116 23 -992
3
-195 -338 -93 51 -141 -988
-120 -341 -65 655 -229 -719
-149 -497 -57 694 -119 -709
3
-195 -338 -93 51 -141 -988
-149 -497 -57 694 -119 -709
-211 -482 -77 -34 -28 -999
3
-283 -485 -53 -704 -72 -705
-211 -482 -77 -34 -28 -999
-219 -548 -76 -116 23 -992
3
-283 -485 -53 -704 -72 -705
-219 -548 -76 -116 23 -992
-259 -540 -53 -555 -69 -828
3
-268 -333 -67 -726 -46 -685
-195 -338 -93 51 -141 -988
-211 -482 -77 -34 -28 -999
3
-268 -333 -67 -726 -46 -685
-211 -482 -77 -34 -28 -999
-283 -485 -53 -704 -72 -705
3
-287 -493 5 -995 -11 95
-286 -347 -1 -999 -22 7
-268 -333 -67 -726 -46 -685
3
-287 -493 5 -995 -11 95
-268 -333 -67 -726 -46 -685
-283 -485 -53 -704 -72 -705
3
-271 -496 51 -962 8 271
-273 -345 46 -967 -45 250
-286 -347 -1 -999 -22 7
3
-271 -496 51 -962 8 271
-286 -347 -1 -999 -22 7
-287 -493 5 -995 -11 95
3
-261 -496 83 -917 44 396
-261 -342 88 -860 -42 507
-273 -345 46 -967 -45 250
3
-261 -496 83 -917 44 396
-273 -345 46 -967 -45 250
-271 -496 51 -962 8 271
3
-230 -499 126 -576 73 813
-229 -339 128 -323 -40 945
-261 -342 88 -860 -42 507
3
-230 -499 126 -576 73 813
-261 -342 88 -860 -42 507
-261 -496 83 -917 44 396
3
-230 -499 126 -576 73 813
-190 -512 140 -20 161 986
-159 -338 130 149 -6 988
3
-230 -499 126 -576 73 813
-159 -338 130 149 -6 988
-229 -339 128 -323 -40 945
3
-127 -344 108 675 -69 734
-159 -338 130 149 -6 988
-190 -512 140 -20 161 986
3
-127 -344 108 675 -69 734
-190 -512 140 -20 161 986
-145 -517 140 589 163 791
3
-108 -141 125 393 -103 913
-186 -134 152 -101 -53 993
-229 -339 128 -323 -40 945
3
-108 -141 125 393 -103 913
-229 -339 128 -323 -40 945
-159 -338 130 149 -6 988
3
-127 -344 108 675 -69 734
-59 -146 80 817 -174 549
-108 -141 125 393 -103 913
3
-127 -344 108 675 -69 734
-108 -141 125 393 -103 913
-159 -338 130 149 -6 988
3
-91 -351 49 949 -207 237
-31 -148 9 964 -234 118
-59 -146 80 817 -174 549
3
-91 -351 49 949 -207 237
-59 -146 80 817 -174 549
-127 -344 108 675 -69 734
3
-98 -344 -14 941 -262 -213
-36 -147 -55 871 -260 -416
-31 -148 9 964 -234 118
3
-98 -344 -14 941 -262 -213
-31 -148 9 964 -234 118
-91 -351 49 949 -207 237
3
-120 -341 -65 655 -229 -719
-87 -143 -100 492 -197 -847
-36 -147 -55 871 -260 -416
3
-120 -341 -65 655 -229 -719
-36 -147 -55 871 -260 -416
-98 -344 -14 941 -262 -213
3
-268 -333 -67 -726 -46 -685
-274 -126 -74 -824 29 -565
-188 -134 -134 -62 -137 -988
3
-268 -333 -67 -726 -46 -685
-188 -134 -134 -62 -137 -988
-195 -338 -93 51 -141 -988
3
-120 -341 -65 655 -229 -719
-195 -338 -93 51 -141 -988
-188 -134 -134 -62 -137 -988
3
-120 -341 -65 655 -229 -719
-188 -134 -134 -62 -137 -988
-87 -143 -100 492 -197 -847
3
-286 -347 -1 -999 -22 7
-298 -124 3 -995 54 -72
-274 -126 -74 -824 29 -565
3
-286 -347 -1 -999 -22 7
-274 -126 -74 -824 29 -565
-268 -333 -67 -726 -46 -685
3
-273 -345 46 -967 -45 250
-291 -125 68 -964 2 262
-298 -124 3 -995 54 -72
3
-273 -345 46 -967 -45 250
-298 -124 3 -995 54 -72
-286 -347 -1 -999 -22 7
3
-261 -342 88 -860 -42 507
-255 -129 118 -720 -30 692
-291 -125 68 -964 2 262
3
-261 -342 88 -860 -42 507
-291 -125 68 -964 2 262
-273 -345 46 -967 -45 250
3
-229 -339 128 -323 -40 945
-186 -134 152 -101 -53 993
-255 -129 118 -720 -30 692
3
-229 -339 128 -323 -40 945
-255 -129 118 -720 -30 692
-261 -342 88 -860 -42 507
3
-186 -134 152 -101 -53 993
-154 47 152 12 12 999
-255 51 128 -688 73 721
3
-186 -134 152 -101 -53 993
-255 51 128 -688 73 721
-255 -129 118 -720 -30 692
3
-108 -141 125 393 -103 913
-59 41 129 548 -54 834
-154 47 152 12 12 999
3
-108 -141 125 393 -103 913
-154 47 152 12 12 999
-186 -134 152 -101 -53 993
3
-59 -146 80 817 -174 549
-13 33 55 912 -97 396
-59 41 129 548 -54 834
3
-59 -146 80 817 -174 549
-59 41 129 548 -54 834
-108 -141 125 393 -103 913
3
-31 -148 9 964 -234 118
6 27 -25 986 -153 -54
-13 33 55 912 -97 396
3
-31 -148 9 964 -234 118
-13 33 55 912 -97 396
-59 -146 80 817 -174 549
3
-36 -147 -55 871 -260 -416
-14 33 -84 785 -142 -602
6 27 -25 986 -153 -54
3
-36 -147 -55 871 -260 -416
6 27 -25 986 -153 -54
-31 -148 9 964 -234 118
3
-87 -143 -100 492 -197 -847
-77 41 -130 374 -112 -920
-14 33 -84 785 -142 -602
3
-87 -143 -100 492 -197 -847
-14 33 -84 785 -142 -602
-36 -147 -55 871 -260 -416
3
-188 -134 -134 -62 -137 -988
-169 44 -147 -437 26 -898
-77 41 -130 374 -112 -920
3
-188 -134 -134 -62 -137 -988
-77 41 -130 374 -112 -920
-87 -143 -100 492 -197 -847
3
-274 -126 -74 -824 29 -565
-237 55 -80 -852 183 -489
-169 44 -147 -437 26 -898
3
-274 -126 -74 -824 29 -565
-169 44 -147 -437 26 -898
-188 -134 -134 -62 -137 -988
3
-298 -124 3 -995 54 -72
-267 55 4 -961 164 -221
-237 55 -80 -852 183 -489
3
-298 -124 3 -995 54 -72
-237 55 -80 -852 183 -489
-274 -126 -74 -824 29 -565
3
-291 -125 68 -964 2 262
-279 52 74 -983 109 144
-267 55 4 -961 164 -221
3
-291 -125 68 -964 2 262
-267 55 4 -961 164 -221
-298 -124 3 -995 54 -72
3
-255 -129 118 -720 -30 692
-255 51 128 -688 73 721
-279 52 74 -983 109 144
3
-255 -129 118 -720 -30 692
-279 52 74 -983 109 144
-291 -125 68 -964 2 262
3
-160 -977 -76 852 162 497
-166 -987 -71 103 -377 920
-163 -992 -75 483 -633 604
3
-60 -894 166 986 -89 -139
-74 -897 149 314 -85 -945
-79 -843 148 471 91 -877
3
-60 -894 166 986 -89 -139
-79 -843 148 471 91 -877
-67 -840 169 962 202 -183
3
-253 -768 -107 59 2 -998
-249 -786 -107 142 -53 -988
-273 -789 -99 -539 -175 -823
3
-253 -768 -107 59 2 -998
-273 -789 -99 -539 -175 -823
-281 -768 -99 -513 85 -853
3
-249 -786 -107 142 -53 -988
-250 -810 -107 45 72 -996
-271 -819 -96 -604 -38 -796
3
-249 -786 -107 142 -53 -988
-271 -819 -96 -604 -38 -796
-273 -789 -99 -539 -175 -823
3
-250 -810 -107 45 72 -996
-247 -874 -117 166 128 -977
-260 -884 -106 -642 -219 -734
3
-250 -810 -107 45 72 -996
-260 -884 -106 -642 -219 -734
-271 -819 -96 -604 -38 -796
3
-217 -928 -113 -135 -225 -964
-219 -941 -101 -495 -572 -653
-260 -884 -106 -642 -219 -734
3
-217 -928 -113 -135 -225 -964
-260 -884 -106 -642 -219 -734
-247 -874 -117 166 128 -977
3
-184 -969 -99 -568 -583 -579
-186 -970 -95 -520 -576 -630
-187 -968 -98 -412 -662 -625
3
-182 -967 -106 -51 -292 -954
-166 -986 -100 293 -320 -900
-170 -987 -99 -86 -599 -795
3
-182 -967 -106 -51 -292 -954
-170 -987 -99 -86 -599 -795
-184 -969 -99 -568 -583 -579
3
-289 -797 -46 -881 -380 -278
-280 -822 -59 -785 -603 137
-275 -827 -39 -267 -299 -915
3
-280 -822 -59 -785 -603 137
-241 -825 -50 303 -780 546
-238 -836 -33 242 -679 -692
3
-280 -822 -59 -785 -603 137
-238 -836 -33 242 -679 -692
-275 -827 -39 -267 -299 -915
3
-248 -883 -57 161 -60 985
-230 -874 -64 865 118 486
-231 -827 -61 824 -350 443
3
-248 -883 -57 161 -60 985
-231 -827 -61 824 -350 443
-241 -825 -50 303 -780 546
3
-208 -920 -68 646 386 658
-230 -874 -64 865 118 486
-248 -883 -57 161 -60 985
3
-208 -920 -68 646 386 658
-248 -883 -57 161 -60 985
-213 -932 -61 -174 -241 954
3
-208 -920 -68 646 386 658
-213 -932 -61 -174 -241 954
-176 -971 -67 135 -111 984
3
-208 -920 -68 646 386 658
-176 -971 -67 135 -111 984
-174 -957 -69 715 478 509
3
-249 -1076 148 -594 -401 696
-243 -1099 147 -243 -599 762
-239 -1099 147 -244 -567 786
3
-249 -1076 148 -594 -401 696
-239 -1099 147 -244 -567 786
-244 -1074 153 -502 -399 767
3
-243 -925 124 783 -44 -619
-247 -953 124 661 -46 -748
-268 -959 108 342 54 -938
3
-243 -925 124 783 -44 -619
-268 -959 108 342 54 -938
-268 -878 106 -833 -529 -156
3
-243 -925 124 783 -44 -619
-268 -878 106 -833 -529 -156
-243 -866 125 784 -478 -394
3
-141 -1049 -8 389 -172 904
-134 -1050 -14 904 180 385
-151 -1025 -11 687 492 533
3
-141 -1049 -8 389 -172 904
-151 -1025 -11 687 492 533
-163 -1031 -3 -72 -227 971
3
-186 -973 -76 -576 -616 536
-183 -973 -73 -471 -559 681
-189 -970 -75 -504 -682 529
3
-139 -567 2 944 -57 -323
-123 -588 32 862 29 -505
-137 -652 33 688 -411 -597
3
-151 -1025 -11 687 492 533
-177 -997 -9 669 479 567
-190 -1001 0 38 -106 993
3
-151 -1025 -11 687 492 533
-190 -1001 0 38 -106 993
-163 -1031 -3 -72 -227 971
3
-248 -934 7 26 -127 991
-190 -1001 0 38 -106 993
-177 -997 -9 669 479 567
3
-248 -934 7 26 -127 991
-177 -997 -9 669 479 567
-226 -928 -2 917 187 351
3
-248 -934 7 26 -127 991
-226 -928 -2 917 187 351
-230 -846 13 804 -529 270
3
-248 -934 7 26 -127 991
-230 -846 13 804 -529 270
-266 -867 13 -88 -183 979
3
-242 -872 39 869 -336 -362
-230 -846 13 804 -529 270
-219 -823 28 970 -236 -50
3
-230 -846 13 804 -529 270
-274 -868 28 -221 -336 -915
-302 -846 14 -828 -543 135
3
-153 -1055 -35 -164 -665 -728
-146 -1052 -40 214 -363 -906
-143 -1061 -32 95 -827 -553
3
-153 -1055 -35 -164 -665 -728
-143 -1061 -32 95 -827 -553
-151 -1060 -29 -10 -894 -447
3
-170 -987 -99 -86 -599 -795
-166 -986 -100 293 -320 -900
-160 -991 -94 465 -693 -550
3
-170 -987 -99 -86 -599 -795
-160 -991 -94 465 -693 -550
-166 -992 -93 469 -721 -508
3
-251 -1099 117 -719 -375 -584
-260 -1076 122 -822 -369 -433
-253 -1072 116 -584 -130 -801
3
-251 -1099 117 -719 -375 -584
-253 -1072 116 -584 -130 -801
-245 -1097 114 -259 -441 -858
3
-211 -801 -33 901 -384 -198
-231 -827 -61 824 -350 443
-231 -807 -93 873 -123 -471
3
-211 -801 -33 901 -384 -198
-231 -807 -93 873 -123 -471
-220 -785 -92 774 -196 -601
3
-211 -801 -33 901 -384 -198
-241 -825 -50 303 -780 546
-231 -827 -61 824 -350 443
3
-299 -846 92 -707 -261 656
-334 -806 71 -995 -77 57
-312 -847 73 -931 -219 289
3
-253 -768 -107 59 2 -998
-231 -685 -99 -195 181 -963
-201 -700 -86 677 -130 -723
3
-253 -768 -107 59 2 -998
-201 -700 -86 677 -130 -723
-214 -743 -90 798 -89 -595
3
-204 -849 156 899 -431 63
-214 -835 80 880 -462 -104
-210 -776 59 890 -337 -304
3
-204 -849 156 899 -431 63
-210 -776 59 890 -337 -304
-193 -805 123 817 -468 -335
3
-137 -652 33 688 -411 -597
-119 -763 119 127 -482 -866
-153 -781 142 103 -811 -574
3
-120 -630 179 382 350 855
-178 -643 186 -184 303 934
-172 -715 203 -181 80 980
3
-120 -630 179 382 350 855
-172 -715 203 -181 80 980
-133 -749 217 -194 -6 980
3
-231 -685 -99 -195 181 -963
-253 -768 -107 59 2 -998
-281 -768 -99 -513 85 -853
3
-79 -655 90 922 -3 -385
-137 -652 33 688 -411 -597
-123 -588 32 862 29 -505
3
-168 -1109 61 365 -611 701
-169 -1099 64 128 -440 888
-183 -1079 65 -344 -429 834
3
-168 -1109 61 365 -611 701
-183 -1079 65 -344 -429 834
-195 -1084 53 -439 -828 347
3
-168 -1109 61 365 -611 701
-195 -1084 53 -439 -828 347
-169 -1114 51 276 -940 -196
3
-261 -1078 137 -759 -576 300
-260 -1076 122 -822 -369 -433
-251 -1099 117 -719 -375 -584
3
-261 -1078 137 -759 -576 300
-251 -1099 117 -719 -375 -584
-247 -1108 123 -324 -815 -479
3
-261 -1078 137 -759 -576 300
-247 -1108 123 -324 -815 -479
-244 -1110 130 -176 -982 -66
3
-151 -1060 -17 -149 -764 626
-153 -1054 -13 -181 -607 773
-170 -1037 -14 -500 -407 763
3
-151 -1060 -17 -149 -764 626
-170 -1037 -14 -500 -407 763
-177 -1041 -21 -488 -725 484
3
-151 -1060 -17 -149 -764 626
-177 -1041 -21 -488 -725 484
-152 -1062 -22 -255 -966 16
3
-195 -976 -87 -616 -775 -133
-186 -970 -95 -520 -576 -630
-172 -988 -98 -463 -532 -708
3
-195 -976 -87 -616 -775 -133
-172 -988 -98 -463 -532 -708
-168 -994 -92 51 -811 -582
3
-195 -976 -87 -616 -775 -133
-168 -994 -92 51 -811 -582
-168 -997 -87 218 -958 -182
3
-168 -995 -81 -103 -930 352
-174 -992 -76 -348 -744 570
-186 -973 -76 -576 -616 536
3
-168 -995 -81 -103 -930 352
-186 -973 -76 -576 -616 536
-195 -976 -87 -616 -775 -133
3
-168 -995 -81 -103 -930 352
-195 -976 -87 -616 -775 -133
-168 -997 -87 218 -958 -182
3
-195 -976 -87 -616 -775 -133
-186 -973 -76 -576 -616 536
-189 -970 -75 -504 -682 529
3
-195 -976 -87 -616 -775 -133
-189 -970 -75 -504 -682 529
-198 -974 -87 -646 -721 -246
3
-224 -944 -71 -559 -571 600
-263 -886 -70 -669 -306 676
-273 -889 -89 -901 -432 -1
3
-224 -944 -71 -559 -571 600
-273 -889 -89 -901 -432 -1
-229 -949 -88 -700 -700 -137
3
-285 -822 -81 -966 -159 -201
-273 -889 -89 -901 -432 -1
-263 -886 -70 -669 -306 676
3
-285 -822 -81 -966 -159 -201
-263 -886 -70 -669 -306 676
-280 -822 -59 -785 -603 137
3
-280 -822 -59 -785 -603 137
-289 -797 -46 -881 -380 -278
-290 -795 -76 -914 -279 -291
3
-280 -822 -59 -785 -603 137
-290 -795 -76 -914 -279 -291
-285 -822 -81 -966 -159 -201
3
-289 -797 -46 -881 -380 -278
-310 -763 -70 -950 -183 -251
-290 -795 -76 -914 -279 -291
3
-281 -768 -99 -513 85 -853
-273 -789 -99 -539 -175 -823
-310 -763 -70 -950 -183 -251
3
-303 -812 -27 -729 -189 -657
-297 -843 -28 -706 -111 -698
-305 -853 -9 -963 -264 -36
3
-303 -812 -27 -729 -189 -657
-305 -853 -9 -963 -264 -36
-311 -831 -7 -936 -331 -117
3
-297 -843 -28 -706 -111 -698
-274 -938 -35 -606 -315 -730
-280 -943 -17 -854 -517 37
3
-297 -843 -28 -706 -111 -698
-280 -943 -17 -854 -517 37
-305 -853 -9 -963 -264 -36
3
-214 -1005 -37 -575 -598 -556
-216 -1011 -20 -610 -690 389
-280 -943 -17 -854 -517 37
3
-214 -1005 -37 -575 -598 -556
-280 -943 -17 -854 -517 37
-274 -938 -35 -606 -315 -730
3
-182 -1040 -21 -604 -791 94
-216 -1011 -20 -610 -690 389
-214 -1005 -37 -575 -598 -556
3
-182 -1040 -21 -604 -791 94
-214 -1005 -37 -575 -598 -556
-177 -1037 -33 -581 -518 -626
3
-177 -1041 -33 -640 -659 -394
-158 -1056 -34 -352 -629 -692
-153 -1061 -28 -136 -916 -376
3
-177 -1041 -33 -640 -659 -394
-153 -1061 -28 -136 -916 -376
-152 -1062 -22 -255 -966 16
3
-177 -1041 -33 -640 -659 -394
-152 -1062 -22 -255 -966 16
-177 -1041 -21 -488 -725 484
3
-311 -831 -7 -936 -331 -117
-326 -789 -4 -971 -57 -230
-303 -812 -27 -729 -189 -657
3
-308 -846 49 -886 -329 -325
-312 -847 73 -931 -219 289
-334 -806 71 -995 -77 57
3
-308 -846 49 -886 -329 -325
-307 -868 49 -825 -96 -556
-312 -870 69 -980 -105 167
3
-308 -846 49 -886 -329 -325
-312 -870 69 -980 -105 167
-312 -847 73 -931 -219 289
3
-307 -868 49 -825 -96 -556
-289 -967 45 -654 -301 -693
-296 -970 65 -906 -418 64
3
-307 -868 49 -825 -96 -556
-296 -970 65 -906 -418 64
-312 -870 69 -980 -105 167
3
-229 -1052 56 -761 -637 -115
-296 -970 65 -906 -418 64
-289 -967 45 -654 -301 -693
3
-229 -1052 56 -761 -637 -115
-289 -967 45 -654 -301 -693
-220 -1046 37 -560 -458 -689
3
-200 -1084 53 -544 -838 11
-229 -1052 56 -761 -637 -115
-220 -1046 37 -560 -458 -689
3
-200 -1084 53 -544 -838 11
-220 -1046 37 -560 -458 -689
-192 -1080 39 -496 -429 -754
3
-188 -1085 39 -602 -596 -529
-172 -1101 35 -294 -377 -878
-170 -1110 43 215 -766 -604
3
-188 -1085 39 -602 -596 -529
-170 -1110 43 215 -766 -604
-169 -1114 51 276 -940 -196
3
-188 -1085 39 -602 -596 -529
-169 -1114 51 276 -940 -196
-195 -1084 53 -439 -828 347
3
-242 -1108 137 -222 -824 519
-243 -1099 147 -243 -599 762
-249 -1076 148 -594 -401 696
3
-242 -1108 137 -222 -824 519
-249 -1076 148 -594 -401 696
-261 -1078 137 -759 -576 300
3
-242 -1108 137 -222 -824 519
-261 -1078 137 -759 -576 300
-244 -1110 130 -176 -982 -66
3
-261 -1078 137 -759 -576 300
-249 -1076 148 -594 -401 696
-249 -1073 150 -485 -550 679
3
-261 -1078 137 -7